6211	59.15 
6212	59.48 
6213	59.80 
6214	60.13 
6215	60.46 
6216	60.77 
6217	61.07 
6218	61.33 
6219	61.59 
6220	61.85 
6221	62.12 
6222	62.39 
6223	62.66 
6224	62.90 
6225	63.14 
6226	63.38 
6227	63.72 
6228	64.06 
6229	64.40 
6230	64.89 
6231	65.38 
6232	65.87 
6233	66.37 
6234	66.86 
6235	67.36 
6236	67.78 
6237	68.20 
6238	68.62 
6239	69.07 
6240	69.56 
6241	69.99 
6242	70.42 
6243	70.85 
6244	71.33 
6245	71.82 
6246	72.30 
6247	72.79 
6248	73.27 
6249	73.80 
6250	74.31 
6251	74.93 
6252	75.58 
6253	76.22 
6254	76.86 
6255	77.51 
6256	78.15 
6257	78.79 
6258	79.42 
6259	80.03 
6260	80.64 
6261	81.24 
6262	81.85 
6263	82.45 
6264	83.06 
6265	83.58 
6266	84.11 
6267	84.62 
6268	85.14 
6269	85.83 
6270	86.51 
6271	87.21 
6272	88.02 
6273	88.83 
6274	89.63 
6275	90.31 
6276	90.98 
6277	91.67 
6278	92.36 
6279	93.00 
6280	93.65 
6281	94.29 
6282	94.80 
6283	95.33 
6284	95.93 
6285	96.52 
6286	97.11 
6287	97.78 
6288	98.37 
6289	98.99 
6290	99.71 
6291	100.31 
6292	100.79 
6293	101.26 
6294	101.74 
6295	102.21 
6296	102.68 
6297	103.16 
6298	103.64 
6299	104.11 
6300	104.58 
6301	106.15 
6302	106.65 
6303	107.15 
6304	107.65 
6305	108.16 
6306	108.59 
6307	109.03 
6308	109.46 
6309	109.92 
6310	110.39 
6311	110.86 
6312	111.42 
6313	111.98 
6314	112.44 
6315	112.90 
6316	113.36 
6317	113.69 
6318	113.84 
6319	113.99 
6320	114.14 
6321	114.09 
6322	113.98 
6323	113.60 
6324	113.23 
6325	112.85 
6326	112.32 
6327	111.79 
6328	111.27 
6329	110.74 
6330	110.22 
6331	109.57 
6332	108.93 
6333	108.29 
6334	107.57 
6335	106.77 
6336	105.97 
6337	105.17 
6338	104.21 
6339	103.17 
6340	102.12 
6341	101.08 
6342	100.04 
6343	99.00 
6344	97.96 
6345	96.92 
6346	95.92 
6347	94.92 
6348	93.92 
6349	92.69 
6350	91.15 
6351	89.52 
6352	87.89 
6353	86.33 
6354	84.77 
6355	83.22 
6356	81.75 
6357	80.67 
6358	79.48 
6359	78.30 
6360	77.12 
6361	75.93 
6362	74.85 
6363	73.77 
6364	72.86 
6365	72.03 
6366	71.21 
6367	70.48 
6368	69.75 
6369	69.37 
6370	69.00 
6371	68.63 
6372	68.47 
6373	68.22 
6374	67.96 
6375	67.71 
6376	67.46 
6377	67.38 
6378	67.54 
6379	67.40 
6380	67.27 
6381	67.00 
6382	66.74 
6383	66.47 
6384	66.21 
6385	65.94 
6386	65.68 
6387	65.55 
6388	65.38 
6389	65.25 
6390	65.06 
6391	64.87 
6392	64.67 
6393	64.46 
6394	64.26 
6395	64.05 
6396	63.84 
6397	63.57 
6398	63.30 
6399	63.03 
6400	62.87 
6401	62.73 
6402	62.59 
6403	62.46 
6404	62.56 
6405	62.29 
6406	61.81 
6407	61.33 
6408	60.84 
6409	60.12 
6410	59.40 
6411	58.68 
6412	57.95 
6413	57.18 
6414	56.41 
6415	55.63 
6416	54.82 
6417	54.00 
6418	53.16 
6419	52.32 
6420	51.40 
6421	50.48 
6422	49.56 
6423	48.64 
6424	47.72 
6425	46.80 
6426	45.84 
6427	44.88 
6428	43.79 
6429	42.70 
6430	41.61 
6431	40.78 
6432	39.96 
6433	39.14 
6434	38.44 
6435	37.74 
6436	37.05 
6437	36.56 
6438	36.07 
6439	35.64 
6440	35.21 
6441	34.89 
6442	34.65 
6443	34.42 
6444	34.30 
6445	34.17 
6446	34.05 
6447	33.98 
6448	33.92 
6449	34.02 
6450	34.21 
6451	34.39 
6452	34.58 
6453	34.77 
6454	34.96 
6455	35.15 
6456	35.42 
6457	35.71 
6458	35.99 
6459	36.27 
6460	36.55 
6461	36.84 
6462	37.20 
6463	37.56 
6464	37.92 
6465	38.27 
6466	38.66 
6467	39.07 
6468	39.49 
6469	39.89 
6470	40.30 
6471	40.71 
6472	41.09 
6473	41.48 
6474	41.92 
6475	42.36 
6476	42.73 
6477	43.11 
6478	43.48 
6479	43.70 
6480	43.92 
6481	44.12 
6482	44.31 
6483	44.51 
6484	44.71 
6485	44.90 
6486	45.08 
6487	45.26 
6488	45.47 
6489	45.68 
6490	45.83 
6491	45.93 
6492	46.00 
6493	46.18 
6494	46.36 
6495	46.46 
6496	46.42 
6497	46.34 
6498	46.28 
6499	46.20 
6500	46.12 
6501	46.05 
6502	46.02 
6503	45.99 
6504	45.96 
6505	45.93 
6506	45.89 
6507	45.83 
6508	45.77 
6509	45.70 
6510	45.67 
6511	45.68 
6512	45.72 
6513	45.75 
6514	45.79 
6515	45.87 
6516	45.94 
6517	46.02 
6518	46.11 
6519	46.20 
6520	46.29 
6521	46.31 
6522	46.38 
6523	46.53 
6524	46.67 
6525	46.81 
6526	47.01 
6527	47.15 
6528	47.28 
6529	47.42 
6530	47.62 
6531	47.79 
6532	47.95 
6533	48.11 
6534	48.25 
6535	48.41 
6536	48.56 
6537	48.75 
6538	48.94 
6539	49.13 
6540	49.31 
6541	49.53 
6542	49.69 
6543	49.85 
6544	50.01 
6545	50.17 
6546	50.33 
6547	50.54 
6548	50.76 
6549	50.97 
6550	51.18 
6551	51.40 
6552	51.61 
6553	51.83 
6554	52.14 
6555	52.46 
6556	52.77 
6557	53.09 
6558	53.40 
6559	53.77 
6560	54.12 
6561	54.47 
6562	54.80 
6563	55.14 
6564	55.48 
6565	55.82 
6566	56.03 
6567	56.27 
6568	56.46 
6569	56.72 
6570	57.06 
6571	57.41 
6572	57.74 
6573	58.09 
6574	58.43 
6575	58.77 
6576	59.15 
6577	59.48 
6578	59.80 
6579	60.13 
6580	60.46 
6581	60.77 
6582	61.07 
6583	61.33 
6584	61.59 
6585	61.85 
6586	62.12 
6587	62.39 
6588	62.66 
6589	62.90 
6590	63.14 
6591	63.38 
6592	63.72 
6593	64.06 
6594	64.40 
6595	64.89 
6596	65.38 
6597	65.87 
6598	66.37 
6599	66.86 
6600	67.36 
6601	67.78 
6602	68.20 
6603	68.62 
6604	69.07 
6605	69.56 
6606	69.99 
6607	70.42 
6608	70.85 
6609	71.33 
6610	71.82 
6611	72.30 
6612	72.79 
6613	73.27 
6614	73.80 
6615	74.31 
6616	74.93 
6617	75.58 
6618	76.22 
6619	76.86 
6620	77.51 
6621	78.15 
6622	78.79 
6623	79.42 
6624	80.03 
6625	80.64 
6626	81.24 
6627	81.85 
6628	82.45 
6629	83.06 
6630	83.58 
6631	84.11 
6632	84.62 
6633	85.14 
6634	85.83 
6635	86.51 
6636	87.21 
6637	88.02 
6638	88.83 
6639	89.63 
6640	90.31 
6641	90.98 
6642	91.67 
6643	92.36 
6644	93.00 
6645	93.65 
6646	94.29 
6647	94.80 
6648	95.33 
6649	95.93 
6650	96.52 
6651	97.11 
6652	97.78 
6653	98.37 
6654	98.99 
6655	99.71 
6656	100.31 
6657	100.79 
6658	101.26 
6659	101.74 
6660	102.21 
6661	102.68 
6662	103.16 
6663	103.64 
6664	104.11 
6665	104.58 