379		
 6325.6	7.9 	0.1100 
 6325.6	7.6 	0.1100 
 6325.6	7.7 	0.1200 
 6325.6	25.1 	0.1200 
 6325.6	25.3 	0.1200 
 6325.6	24.7 	0.1100 
 6325.6	46.9 	0.1100 
 6325.6	46.9 	0.1100 
 6325.6	46.9 	0.1100 
 6325.6	74.1 	0.1200 
 6325.6	74.6 	0.1200 
 6325.6	74.8 	0.1200 
 6325.6	100.0 	0.1300 
 6325.6	100.0 	0.1300 
 6325.6	100.4 	0.1300 
 6325.6	125.5 	0.2800 
 6325.6	125.4 	0.2900 
 6325.6	125.2 	0.2700 
 6325.6	149.8 	0.2200 
 6325.5	175.7 	0.0500 
 6326.4	8.3 	0.1500 
 6326.4	25.6 	0.1500 
 6326.4	45.0 	0.1500 
 6326.4	59.9 	0.1600 
 6326.4	76.0 	0.1600 
 6326.4	85.6 	0.1600 
 6326.4	99.7 	0.1800 
 6326.4	114.4 	0.1800 
 6326.4	135.4 	0.1400 
 6326.4	151.5 	0.1100 
 6326.4	175.9 	0.0400 
 6346.3	7.5 	0.1300 
 6346.3	24.1 	0.1500 
 6346.3	46.9 	0.1300 
 6346.3	59.5 	0.1300 
 6346.3	75.3 	0.1200 
 6346.3	84.4 	0.1200 
 6346.3	100.5 	0.1600 
 6346.3	112.9 	0.2100 
 6346.3	124.3 	0.1300 
 6346.3	137.0 	0.1200 
 6346.3	149.9 	0.0700 
 6346.3	175.0 	0.0200 
 6346.5	10.3 	0.1400 
 6346.5	9.8 	0.1400 
 6346.5	10.3 	0.1500 
 6346.5	24.4 	0.1400 
 6346.5	24.4 	0.1400 
 6346.5	24.6 	0.1400 
 6346.5	45.1 	0.1500 
 6346.5	45.3 	0.1500 
 6346.5	45.3 	0.1500 
 6346.5	73.8 	0.2900 
 6346.5	73.9 	0.2900 
 6346.5	73.9 	0.3000 
 6346.5	100.2 	0.1500 
 6346.5	100.4 	0.1500 
 6346.5	125.1 	0.0700 
 6346.5	125.3 	0.0600 
 6346.5	125.1 	0.0600 
 6346.5	149.8 	0.0300 
 6346.5	177.0 	0.0100 
 6369.3	10.6 	0.0900 
 6369.3	25.6 	0.0900 
 6369.3	46.8 	0.1300 
 6369.3	61.7 	0.1400 
 6369.3	75.9 	0.1500 
 6369.3	86.0 	0.1500 
 6369.3	102.4 	0.2100 
 6369.3	115.8 	0.2500 
 6369.3	124.7 	0.2700 
 6369.3	136.7 	0.2200 
 6369.3	151.9 	0.1100 
 6369.3	172.2 	0.0400 
 6369.5	5.5 	0.1000 
 6369.5	5.7 	0.1100 
 6369.5	5.4 	0.1100 
 6369.5	25.0 	0.1200 
 6369.5	24.5 	0.1200 
 6369.5	24.5 	0.1300 
 6369.5	46.5 	0.1100 
 6369.5	46.3 	0.1100 
 6369.5	46.2 	0.1100 
 6369.5	76.0 	0.1200 
 6369.5	75.5 	0.1200 
 6369.5	75.5 	0.1200 
 6369.5	100.4 	0.2100 
 6369.5	100.0 	0.2100 
 6369.5	99.7 	0.2100 
 6369.5	123.9 	0.3000 
 6369.5	123.1 	0.2600 
 6369.5	123.1 	0.2500 
 6369.5	150.0 	0.1500 
 6369.5	173.6 	0.0300 
 6392.3	10.3 	0.1200 
 6392.3	25.5 	0.1200 
 6392.3	43.1 	0.1300 
 6392.3	60.7 	0.1900 
 6392.3	75.9 	0.2600 
 6392.3	85.6 	0.3000 
 6392.3	101.9 	0.3000 
 6392.3	114.4 	0.3000 
 6392.3	126.7 	0.2100 
 6392.3	132.6 	0.1700 
 6392.3	150.2 	0.1300 
 6392.3	169.6 	0.0700 
 6392.5	6.6 	0.1100 
 6392.5	6.4 	0.1100 
 6392.5	6.2 	0.1100 
 6392.5	25.2 	0.1200 
 6392.5	25.3 	0.1000 
 6392.5	25.5 	0.1100 
 6392.5	45.2 	0.1200 
 6392.5	45.4 	0.1200 
 6392.5	45.0 	0.1300 
 6392.5	75.7 	0.2800 
 6392.5	75.7 	0.3000 
 6392.5	75.6 	0.2900 
 6392.5	100.3 	0.3200 
 6392.5	100.5 	0.3100 
 6392.5	100.5 	0.3100 
 6392.5	124.5 	0.1600 
 6392.5	124.4 	0.1600 
 6392.5	124.3 	0.1600 
 6392.5	149.7 	0.0600 
 6392.5	176.3 	0.0400 
 6447.3	25.0 	0.0700 
 6447.3	45.0 	0.0800 
 6447.3	59.8 	0.1100 
 6447.3	74.3 	0.1300 
 6447.3	85.7 	0.3000 
 6447.3	101.1 	0.2100 
 6447.3	114.2 	0.3000 
 6447.3	124.7 	0.2200 
 6447.3	134.8 	0.1800 
 6447.3	150.2 	0.1100 
 6447.3	175.8 	0.0700 
 6447.5	7.5 	0.0700 
 6447.5	7.2 	0.0700 
 6447.5	7.3 	0.0700 
 6447.5	26.6 	0.0600 
 6447.5	26.2 	0.0600 
 6447.5	26.5 	0.0600 
 6447.5	46.3 	0.0800 
 6447.5	46.3 	0.0900 
 6447.5	46.4 	0.0800 
 6447.5	75.9 	0.1400 
 6447.5	75.5 	0.1300 
 6447.5	76.3 	0.1400 
 6447.5	101.4 	0.2700 
 6447.5	101.3 	0.2500 
 6447.5	101.2 	0.2700 
 6447.5	124.3 	0.2000 
 6447.5	124.4 	0.2200 
 6447.5	124.6 	0.2200 
 6447.5	150.4 	0.1000 
 6447.5	176.2 	0.0300 
 6448.2	95.6 	0.4300 
 6465.3	8.1 	0.0500 
 6465.3	24.9 	0.0600 
 6465.3	45.6 	0.0700 
 6465.3	59.3 	0.0800 
 6465.3	74.6 	0.1100 
 6465.3	85.0 	0.1300 
 6465.3	115.1 	0.2300 
 6465.3	125.1 	0.2100 
 6465.3	135.3 	0.1800 
 6465.3	149.5 	0.1500 
 6465.3	175.4 	0.0500 
 6465.6	7.9 	0.0600 
 6465.6	8.1 	0.0600 
 6465.6	8.2 	0.0700 
 6465.6	25.2 	0.0600 
 6465.6	25.2 	0.0600 
 6465.6	25.0 	0.0600 
 6465.6	46.0 	0.0900 
 6465.6	46.0 	0.0800 
 6465.6	46.0 	0.0700 
 6465.6	76.1 	0.1000 
 6465.6	76.1 	0.1000 
 6465.6	76.1 	0.1100 
 6465.6	101.2 	0.1400 
 6465.6	100.8 	0.1500 
 6465.6	100.9 	0.1500 
 6465.6	125.0 	0.2100 
 6465.6	125.4 	0.2300 
 6465.6	124.9 	0.2000 
 6465.6	150.9 	0.1100 
 6465.6	176.6 	0.0400 
 6494.3	7.3 	0.0600 
 6494.3	24.1 	0.0700 
 6494.3	43.9 	0.0800 
 6494.3	60.0 	0.1500 
 6494.3	75.0 	0.2100 
 6494.3	84.7 	0.2200 
 6494.3	99.8 	0.2200 
 6494.3	115.8 	0.2100 
 6494.3	124.9 	0.1600 
 6494.3	134.2 	0.1400 
 6494.3	149.7 	0.0700 
 6494.3	174.8 	0.0500 
 6494.6	6.2 	0.0700 
 6494.6	6.7 	0.0700 
 6494.6	6.9 	0.0600 
 6494.6	26.3 	0.0700 
 6494.6	26.3 	0.0700 
 6494.6	45.5 	0.0600 
 6494.6	45.6 	0.0700 
 6494.6	45.4 	0.0800 
 6494.6	74.9 	0.1300 
 6494.6	74.6 	0.1300 
 6494.6	75.0 	0.1300 
 6494.6	100.8 	0.2200 
 6494.6	100.7 	0.2100 
 6494.6	100.7 	0.2200 
 6494.6	125.4 	0.0700 
 6494.6	125.3 	0.0800 
 6494.5	125.5 	0.0700 
 6494.5	149.8 	0.0400 
 6494.5	174.5 	0.0300 
 6521.3	24.4 	0.0600 
 6521.3	45.6 	0.1600 
 6521.3	60.3 	0.2400 
 6521.3	74.2 	0.3100 
 6521.3	84.9 	0.2600 
 6521.3	100.8 	0.1700 
 6521.3	114.5 	0.1200 
 6521.3	124.4 	0.0900 
 6521.3	135.6 	0.0700 
 6521.3	149.4 	0.0500 
 6521.3	173.9 	0.0300 
 6521.5	8.0 	0.0600 
 6521.5	8.3 	0.0600 
 6521.5	8.4 	0.0700 
 6521.5	25.1 	0.0600 
 6521.5	25.1 	0.0600 
 6521.5	25.1 	0.0600 
 6521.5	44.8 	0.1300 
 6521.5	45.0 	0.1200 
 6521.5	45.0 	0.1200 
 6521.5	75.4 	0.2300 
 6521.5	75.6 	0.2200 
 6521.5	75.3 	0.2100 
 6521.5	101.4 	0.2600 
 6521.5	101.5 	0.2300 
 6521.5	101.3 	0.2900 
 6521.5	125.5 	0.0900 
 6521.5	125.6 	0.1000 
 6521.5	125.7 	0.0900 
 6521.5	150.1 	0.0300 
 6521.5	175.1 	0.0300 
 6559.3	5.2 	0.0700 
 6559.3	25.4 	0.0700 
 6559.3	45.8 	0.0900 
 6559.3	60.3 	0.1200 
 6559.3	75.2 	0.1500 
 6559.3	85.8 	0.1500 
 6559.3	100.7 	0.1400 
 6559.3	116.3 	0.2500 
 6559.3	124.5 	0.1800 
 6559.3	135.0 	0.1000 
 6559.3	152.6 	0.0400 
 6559.3	174.2 	0.0200 
 6559.5	6.4 	0.0600 
 6559.5	6.4 	0.0700 
 6559.5	6.3 	0.0700 
 6559.5	26.3 	0.0700 
 6559.5	26.3 	0.0700 
 6559.5	26.3 	0.0700 
 6559.5	46.2 	0.0800 
 6559.5	46.2 	0.0900 
 6559.5	46.1 	0.0900 
 6559.5	75.5 	0.1500 
 6559.5	75.5 	0.1400 
 6559.5	75.6 	0.1300 
 6559.5	100.6 	0.1900 
 6559.5	100.8 	0.2000 
 6559.5	100.8 	0.2000 
 6559.5	125.3 	0.1900 
 6559.5	125.3 	0.2100 
 6559.5	125.3 	0.1900 
 6559.5	150.4 	0.0500 
 6559.5	175.7 	0.0200 
 6594.3	6.5 	0.0700 
 6594.3	23.8 	0.0800 
 6594.3	45.2 	0.1100 
 6594.3	59.6 	0.1400 
 6594.3	75.3 	0.1600 
 6594.3	85.8 	0.1800 
 6594.3	99.0 	0.2600 
 6594.3	114.0 	0.2300 
 6594.3	123.4 	0.1700 
 6594.3	133.4 	0.1500 
 6594.3	151.8 	0.0600 
 6594.3	173.9 	0.0300 
 6594.5	8.8 	0.0900 
 6594.5	8.7 	0.0800 
 6594.5	8.7 	0.0900 
 6594.5	25.6 	0.0900 
 6594.5	25.3 	0.0800 
 6594.5	25.3 	0.0800 
 6594.5	45.1 	0.1100 
 6594.5	45.1 	0.1000 
 6594.5	45.1 	0.1000 
 6594.5	74.4 	0.1500 
 6594.5	73.6 	0.1500 
 6594.5	74.5 	0.1500 
 6594.5	101.2 	0.2400 
 6594.5	101.0 	0.2500 
 6594.5	101.4 	0.2500 
 6594.5	126.0 	0.1500 
 6594.5	126.0 	0.1500 
 6594.5	126.0 	0.1500 
 6594.5	151.6 	0.1000 
 6594.5	173.6 	0.0300 
 6613.3	6.9 	0.0700 
 6613.3	25.5 	0.0700 
 6613.3	44.8 	0.0900 
 6613.3	60.2 	0.1000 
 6613.3	74.4 	0.1900 
 6613.3	85.9 	0.2400 
 6613.3	100.7 	0.2400 
 6613.3	114.7 	0.1600 
 6613.3	124.6 	0.1400 
 6613.3	134.3 	0.0900 
 6613.3	151.0 	0.0500 
 6613.3	175.1 	0.0200 
 6613.5	6.9 	0.0700 
 6613.5	6.9 	0.0800 
 6613.5	6.9 	0.0700 
 6613.5	25.3 	0.0700 
 6613.5	25.0 	0.0700 
 6613.5	25.0 	0.0700 
 6613.5	45.6 	0.0700 
 6613.5	45.4 	0.0700 
 6613.5	45.5 	0.0800 
 6613.5	76.7 	0.0900 
 6613.5	76.4 	0.0900 
 6613.5	76.1 	0.0700 
 6613.5	101.1 	0.2200 
 6613.5	101.0 	0.2100 
 6613.5	100.8 	0.2100 
 6613.5	125.8 	0.1900 
 6613.5	125.5 	0.1800 
 6613.5	124.8 	0.1900 
 6613.5	150.1 	0.0600 
 6613.5	175.0 	0.0200 
 6644.3	6.3 	0.1200 
 6644.3	23.4 	0.1100 
 6644.3	42.9 	0.1100 
 6644.3	61.0 	0.1100 
 6644.3	73.2 	0.1100 
 6644.3	86.7 	0.1200 
 6644.3	99.9 	0.2100 
 6644.3	114.5 	0.2100 
 6644.3	125.3 	0.2000 
 6644.3	133.7 	0.1500 
 6644.3	150.8 	0.0800 
 6644.3	175.7 	0.0400 
 6644.5	8.4 	0.1000 
 6644.5	8.2 	0.1000 
 6644.5	9.0 	0.1000 
 6644.5	23.7 	0.1000 
 6644.5	24.1 	0.1000 
 6644.5	23.7 	0.0900 
 6644.5	44.3 	0.1000 
 6644.5	45.4 	0.1000 
 6644.5	44.6 	0.1200 
 6644.5	75.1 	0.1300 
 6644.5	74.9 	0.1200 
 6644.5	75.0 	0.1300 
 6644.5	101.0 	0.2000 
 6644.5	100.9 	0.1900 
 6644.5	101.0 	0.2100 
 6644.5	126.0 	0.1000 
 6644.5	127.2 	0.1000 
 6644.5	125.7 	0.1000 
 6644.5	150.6 	0.1100 
 6644.5	175.6 	0.0200 